WhatsApp Image 2023-08-05 at 15.44.59 (3).jpg:[(924, 1004), (1070, 830), (1170, 1030), (1336, 718), (1186, 1332), (1480, 1182)]
WhatsApp Image 2023-08-05 at 15.44.59 (3).jpg:[(750, 230), (1150, 256), (950, 694), (982, 890), (774, 950), (1208, 840), (1452, 782), (1518, 1012)]
WhatsApp Image 2023-08-05 at 15.44.59 (3).jpg:[(262, 1024), (304, 638), (678, 626), (1078, 980), (868, 1442), (1284, 1412)]
WhatsApp Image 2023-08-05 at 15.44.59 (3).jpg:[(610, 990), (618, 628), (978, 626), (1334, 618), (1644, 300), (630, 164)]
WhatsApp Image 2023-08-05 at 15.44.59 (3).jpg:[(182, 910), (432, 702), (640, 912), (842, 1106), (1204, 1100), (734, 434), (938, 266), (1110, 468), (1278, 654), (1576, 676)]
WhatsApp Image 2023-08-05 at 15.44.59 (3).jpg:[(522, 942), (516, 814), (1228, 692), (1340, 1092)]
WhatsApp Image 2023-08-05 at 15.44.59 (3).jpg:[(606, 1162), (926, 1152), (622, 516), (928, 514), (942, 190), (1498, 528), (1486, 1154)]
WhatsApp Image 2023-08-05 at 15.44.59 (3).jpg:[(826, 522), (846, 812), (972, 518), (1122, 514), (1266, 508), (1412, 506), (1410, 206), (856, 1036), (870, 1288), (994, 1030), (1138, 1024), (1272, 1016), (1404, 1014), (1414, 746), (884, 1490), (1014, 1482), (1148, 1478), (1278, 1476), (1410, 1472), (1408, 1222)]
WhatsApp Image 2023-08-05 at 15.44.59 (3).jpg:[(726, 350), (718, 756), (1106, 770), (690, 1172)]
WhatsApp Image 2023-08-05 at 15.44.59 (3).jpg:[(876, 1410), (1256, 1442), (912, 1080), (1240, 784), (436, 480), (226, 298), (4, 870), (1588, 946), (1566, 672), (1870, 666), (1814, 440)]
WhatsApp Image 2023-08-05 at 15.44.59 (3).jpg:[(700, 1096), (704, 818), (996, 812), (1256, 550), (1526, 540), (1542, 818), (1526, 268), (1092, 1154), (1268, 922), (1326, 1344), (1456, 672), (1394, 240), (1864, 1364)]
WhatsApp Image 2023-08-05 at 15.44.59 (3).jpg:[(348, 410), (698, 422), (664, 1120), (1406, 1140), (1404, 440), (1048, 422)]
WhatsApp Image 2023-08-05 at 15.44.59 (3).jpg:[(560, 516), (860, 522), (874, 210), (862, 1124), (556, 1126)]
WhatsApp Image 2023-08-05 at 15.44.59 (3).jpg:[(742, 754), (734, 698), (856, 660), (1048, 616), (1104, 792), (830, 1104), (818, 1038), (950, 996), (1154, 946), (1220, 1142), (930, 1514), (914, 1432), (1056, 1388), (1282, 1324)]
WhatsApp Image 2023-08-05 at 15.44.59 (3).jpg:[(630, 550), (978, 550), (984, 194), (972, 1242), (636, 1244)]
WhatsApp Image 2023-08-05 at 15.44.59 (3).jpg:[(712, 1108), (676, 782), (996, 720), (1324, 660), (1572, 304), (622, 348), (598, 80), (882, 28)]
WhatsApp Image 2023-08-05 at 15.44.59 (3).jpg:[(162, 172), (156, 598), (594, 1032), (598, 610), (598, 1494), (948, 226), (954, 618), (1334, 1006), (1330, 622), (1342, 1414)]
WhatsApp Image 2023-08-05 at 15.44.59 (3).jpg:[(296, 1334), (494, 1016), (786, 1192), (1084, 1344), (1496, 1202), (740, 622), (902, 376), (1152, 528), (1410, 672), (1750, 590)]
